dx_r=[1:5:11, -10:5:0]